985614732263597814417283659349851267658472093172936548526348971794125386831769425
980600000000007014000203050349800200608000000170006540526308971794125300831069405
004000050000700000200100000030050000700000601000040900160000000005030090000000000
015070096200900000839000002740068030508004200061200040127053904654809371083701605
400090000050200010000100079005360782908470001237810046003600195524030867691058423
980600000000007014000203050349800200608000090170006540526308971794125300831069405
985614732263597814417283659349851267658402193172936548526348971794125386831769425
000045002080000350107002690000603008000050940600980100415000060700029080000500000
985014732263597814417080659349851067658472093172936548526348971794125386831769425
000090605080106000040003010600005007000000000001678340000000001000304000200000400

