985614732263597814417283659349851267658472193172936548526348971794125386831769425
985614732263597814417283659349851267658472193172936548526348971794125386831769425
914362758586794213273185469439651872758923641621847935162579384845236197397418526
415372896276985413839416752742568139598134267361297548127653984654829371983741625
416597238759283614382146579145369782968472351237815946873624195524931867691758423
985614732263597814417283659349851267658472193172936548526348971794125386831769425
985614732263597814417283659349851267658472193172936548526348971794125386831769425
396745812284196357157832694549613728831257946672984135415378269763429581928561473
985614732263597814417283659349851267658472193172936548526348971794125386831769425
123497685589126734746583219638245197472931568951678342394762851817354926265819473


